"1","
"
"1","[[1]]$freq_con_inhi_ESM$rep_2$coefficients$no_zero_7
"
