"1","
"
"1","[[1]]$m_intensity_all_ESM$rep_10$coefficients$all_3
"
