"1","
"
"1","[[1]]$m_intensity_init_ESM$rep_6$coefficients$no_zero_4
"
