"1","
"
"1","[[1]]$m_success_all_ESM$rep_6$coefficients$no_zero_5
"
