"1","
"
"1","[[1]]$m_success_init_ESM$rep_8$coefficients$no_zero_9
"
